0	335	504	314	277	105	-1	-1
335	0	312	122	-1	-1	607	190
504	312	0	-1	331	302	338	124
314	122	-1	0	-1	-1	-1	-1
277	-1	331	-1	0	-1	-1	-1
105	-1	302	-1	-1	0	-1	-1
-1	607	338	-1	-1	-1	0	-1
-1	190	124	-1	-1	-1	-1	0